org_id remap_id
148 0
2800 1
2079 2
151 3
245 4
1568 5
2757 6
2973 7
2758 8
2993 9
1189 10
1663 11
1553 12
1452 13
839 14
1834 15
1559 16
2840 17
2702 18
1131 19
2652 20
87 21
595 22
449 23
2855 24
1088 25
1903 26
462 27
724 28
2877 29
670 30
25 31
780 32
781 33
1458 34
1375 35
30 36
31 37
162 38
850 39
2705 40
1843 41
202 42
2793 43
1398 44
2035 45
2036 46
949 47
950 48
207 49
877 50
209 51
210 52
2496 53
211 54
2497 55
213 56
214 57
2163 58
1733 59
666 60
2040 61
2750 62
2751 63
2107 64
2752 65
2108 66
2753 67
575 68
1987 69
1034 70
422 71
0 72
1285 73
819 74
2822 75
957 76
959 77
2566 78
960 79
961 80
350 81
2889 82
962 83
351 84
888 85
289 86
150 87
2754 88
152 89
1481 90
1482 91
1350 92
2759 93
2116 94
2760 95
354 96
894 97
229 98
295 99
899 100
234 101
2854 102
2808 103
2121 104
2186 105
739 106
2055 107
1880 108
1888 109
1897 110
1271 111
902 112
306 113
241 114
909 115
2256 116
1431 117
2132 118
1829 119
1316 120
646 121
1373 122
1096 123
1986 124
1766 125
1837 126
687 127
987 128
913 129
1771 130
914 131
2956 132
2905 133
249 134
2958 135
917 136
250 137
251 138
919 139
252 140
2138 141
1512 142
10 143
764 144
765 145
2015 146
1104 147
2059 148
430 149
376 150
433 151
317 152
1000 153
318 154
2967 155
320 156
2968 157
2969 158
322 159
323 160
2972 161
14 162
2147 163
1586 164
2275 165
17 166
18 167
772 168
21 169
707 170
2152 171
777 172
2109 173
1115 174
1051 175
1534 176
326 177
2975 178
2978 179
2979 180
2338 181
2339 182
2874 183
330 184
2980 185
2341 186
2925 187
1528 188
26 189
28 190
1459 191
1914 192
1583 193
2219 194
2227 195
1198 196
1126 197
1794 198
1017 199
2987 200
337 201
92 202
33 203
1535 204
34 205
94 206
35 207
2604 208
2284 209
1665 210
1801 211
2315 212
448 213
2998 214
2361 215
43 216
1607 217
2336 218
1217 219
1874 220
1218 221
1875 222
1144 223
1813 224
1814 225
3010 226
2444 227
1612 228
105 229
2243 230
2696 231
2302 232
1557 233
110 234
1291 235
1225 236
2779 237
587 238
1998 239
524 240
1230 241
1085 242
1825 243
526 244
821 245
3017 246
822 247
155 248
823 249
824 250
2306 251
158 252
159 253
827 254
3022 255
1621 256
2310 257
1689 258
2951 259
829 260
1623 261
2952 262
115 263
1691 264
116 265
2713 266
1946 267
1891 268
1892 269
1165 270
468 271
41 272
1168 273
3025 274
832 275
2389 276
166 277
833 278
170 279
171 280
66 281
2323 282
1699 283
2716 284
2717 285
118 286
2718 287
1952 288
1955 289
1244 290
90 291
540 292
1315 293
1959 294
473 295
474 296
1905 297
122 298
476 299
843 300
177 301
178 302
180 303
182 304
71 305
1704 306
1705 307
2726 308
75 309
2335 310
2653 311
1965 312
1909 313
1184 314
1187 315
1190 316
261 317
187 318
929 319
263 320
190 321
932 322
191 323
266 324
933 325
81 326
1261 327
1389 328
2028 329
852 330
936 331
863 332
940 333
196 334
2548 335
865 336
199 337
867 338
869 339
203 340
871 341
2887 342
2755 343
2756 344
1836 345
319 346
321 347
1199 348
1202 349
1221 350
459 351
1156 352
1313 353
1957 354
470 355
1321 356
488 357
1976 358
560 359
1346 360
2111 361
1408 362
2196 363
923 364
2153 365
48 366
2436 367
163 368
169 369
1723 370
1727 371
2429 372
903 373
240 374
907 375
257 376
1796 377
503 378
1956 379
2077 380
1606 381
2627 382
956 383
1018 384
2927 385
1466 386
1661 387
39 388
2233 389
2407 390
156 391
1690 392
1692 393
179 394
1711 395
2430 396
2431 397
1731 398
880 399
2433 400
1732 401
1737 402
1741 403
1743 404
884 405
349 406
2567 407
2568 408
2570 409
363 410
379 411
1783 412
1784 413
505 414
507 415
1068 416
510 417
511 418
1808 419
401 420
404 421
1810 422
1219 423
1812 424
406 425
408 426
3009 427
1227 428
1231 429
525 430
1091 431
417 432
1942 433
529 434
1238 435
1376 436
1961 437
1377 438
2080 439
1379 440
649 441
1380 442
554 443
1382 444
1383 445
653 446
1975 447
558 448
1393 449
1394 450
658 451
1395 452
1397 453
1272 454
1982 455
1399 456
567 457
568 458
1985 459
572 460
1988 461
578 462
580 463
676 464
2122 465
2123 466
1575 467
2262 468
2263 469
2265 470
1441 471
701 472
1418 473
2270 474
2272 475
1449 476
1450 477
704 478
1451 479
708 480
1456 481
1592 482
712 483
714 484
2615 485
1613 486
2769 487
2455 488
2456 489
2457 490
2459 491
1632 492
1633 493
1640 494
1641 495
1643 496
2484 497
268 498
2485 499
2486 500
2792 501
2491 502
951 503
138 504
2513 505
304 506
2517 507
308 508
423 509
991 510
994 511
995 512
1844 513
1106 514
998 515
1109 516
1112 517
1851 518
1116 519
1013 520
1122 521
1123 522
443 523
444 524
336 525
339 526
446 527
447 528
1869 529
2934 530
1872 531
455 532
1878 533
456 534
1879 535
1146 536
1147 537
1292 538
1293 539
1883 540
463 541
2949 542
590 543
2003 544
2004 545
1890 546
592 547
1893 548
593 549
1895 550
596 551
1899 552
2013 553
1900 554
1901 555
102 556
1176 557
601 558
478 559
1908 560
1181 561
607 562
1182 563
1183 564
1324 565
1186 566
484 567
1326 568
1327 569
1328 570
613 571
614 572
1339 573
1470 574
2171 575
1471 576
1343 577
725 578
469 579
2173 580
1475 581
1476 582
1477 583
2178 584
729 585
1483 586
732 587
733 588
1486 589
1487 590
737 591
1490 592
1491 593
1358 594
1362 595
1363 596
2195 597
2198 598
1372 599
2214 600
2216 601
1525 602
1527 603
1657 604
2222 605
1529 606
1533 607
1659 608
2355 609
1536 610
2683 611
2304 612
2359 613
2244 614
2247 615
56 616
2506 617
2384 618
2385 619
59 620
2845 621
2393 622
2394 623
2523 624
2524 625
2527 626
1703 627
851 628
2530 629
2534 630
1713 631
84 632
2540 633
2420 634
2421 635
2422 636
885 637
228 638
402 639
1082 640
3038 641
2093 642
577 643
1139 644
103 645
144 646
599 647
1904 648
485 649
2202 650
2249 651
42 652
2745 653
2704 654
70 655
2535 656
188 657
195 658
83 659
1064 660
2090 661
1251 662
2046 663
770 664
1648 665
1728 666
1730 667
2749 668
1734 669
2674 670
883 671
347 672
220 673
223 674
224 675
2847 676
2849 677
232 678
233 679
900 680
1755 681
364 682
904 683
368 684
243 685
910 686
246 687
1765 688
916 689
2865 690
922 691
255 692
2867 693
1773 694
1047 695
2880 696
1921 697
1200 698
1057 699
1058 700
499 701
390 702
500 703
1923 704
1925 705
1799 706
1208 707
1209 708
509 709
1215 710
1216 711
1811 712
410 713
1943 714
1947 715
1239 716
1242 717
1953 718
1248 719
647 720
1964 721
1255 722
1968 723
1969 724
1387 725
1262 726
1264 727
1267 728
1269 729
901 730
1396 731
985 732
571 733
1278 734
1409 735
2113 736
1410 737
1411 738
1180 739
2120 740
1426 741
685 742
1566 743
690 744
1305 745
1578 746
1579 747
1439 748
2580 749
2280 750
2282 751
2283 752
2588 753
715 754
1463 755
91 756
2609 757
2611 758
2438 759
2439 760
2442 761
1610 762
106 763
2620 764
2637 765
2638 766
2777 767
2646 768
2334 769
2658 770
2475 771
926 772
125 773
2668 774
941 775
128 776
2796 777
958 778
963 779
968 780
974 781
976 782
2903 783
988 784
989 785
993 786
2911 787
2819 788
325 789
1848 790
437 791
439 792
329 793
2924 794
1125 795
334 796
1991 797
1992 798
584 799
585 800
586 801
588 802
1158 803
591 804
1161 805
1164 806
1166 807
1169 808
1314 809
96 810
477 811
352 812
628 813
2174 814
728 815
734 816
1761 817
538 818
2185 819
1489 820
1360 821
2057 822
635 823
583 824
594 825
602 826
2066 827
1971 828
8 829
89 830
12 831
2212 832
20 833
2340 834
2342 835
23 836
24 837
27 838
787 839
2191 840
2209 841
2070 842
36 843
2676 844
2678 845
40 846
2267 847
2587 848
2608 849
47 850
2689 851
1549 852
2692 853
2358 854
2242 855
1554 856
2789 857
2380 858
160 859
60 860
61 861
2707 862
2823 863
1697 864
2400 865
1701 866
183 867
74 868
2409 869
855 870
2734 871
870 872
1722 873
216 874
221 875
242 876
2985 877
395 878
3021 879
2087 880
1279 881
1120 882
2260 883
1428 884
1608 885
2314 886
2316 887
1833 888
1137 889
1877 890
1185 891
771 892
784 893
2619 894
2829 895
1593 896
2801 897
2515 898
431 899
1907 900
481 901
2033 902
161 903
57 904
2390 905
1055 906
2333 907
1303 908
2398 909
345 910
1769 911
2879 912
1460 913
1094 914
2032 915
1467 916
1468 917
2038 918
2391 919
2106 920
1598 921
2464 922
2488 923
1902 924
2175 925
2188 926
2194 927
2387 928
845 929
271 930
2920 931
1197 932
1205 933
1206 934
1069 935
1142 936
1310 937
1388 938
382 939
669 940
2110 941
1502 942
2067 943
700 944
2215 945
2250 946
2397 947
2831 948
2720 949
2727 950
2838 951
873 952
2427 953
2842 954
2762 955
346 956
2953 957
225 958
226 959
2850 960
1746 961
1750 962
355 963
1752 964
893 965
898 966
1758 967
1760 968
906 969
2859 970
244 971
1035 972
369 973
1768 974
2957 975
920 976
253 977
256 978
1042 979
1777 980
1044 981
1045 982
1046 983
378 984
2966 985
1048 986
2871 987
1052 988
2881 989
1195 990
1196 991
494 992
1789 993
496 994
497 995
1201 996
1059 997
393 998
2988 999
2883 1000
2884 1001
1204 1002
1800 1003
1929 1004
398 1005
400 1006
1072 1007
1214 1008
513 1009
517 1010
1075 1011
518 1012
407 1013
1081 1014
411 1015
412 1016
1826 1017
420 1018
1945 1019
532 1020
1948 1021
533 1022
1243 1023
1246 1024
1958 1025
541 1026
1249 1027
1378 1028
650 1029
549 1030
1970 1031
1258 1032
552 1033
553 1034
1973 1035
1263 1036
1265 1037
557 1038
559 1039
861 1040
2091 1041
2092 1042
2100 1043
1280 1044
671 1045
1049 1046
2117 1047
677 1048
1101 1049
679 1050
1130 1051
682 1052
1260 1053
1567 1054
1571 1055
1572 1056
2134 1057
1437 1058
694 1059
1332 1060
1341 1061
1366 1062
2261 1063
2264 1064
1580 1065
1581 1066
2141 1067
2143 1068
699 1069
2574 1070
1587 1071
2578 1072
706 1073
2581 1074
2582 1075
1453 1076
711 1077
1496 1078
1526 1079
2159 1080
717 1081
1629 1082
2287 1083
2600 1084
2603 1085
2605 1086
2607 1087
1675 1088
1700 1089
2610 1090
2297 1091
1611 1092
104 1093
107 1094
1615 1095
109 1096
2624 1097
2626 1098
2764 1099
2312 1100
1624 1101
2635 1102
2639 1103
2460 1104
2319 1105
1631 1106
2320 1107
2772 1108
2321 1109
2773 1110
1637 1111
2643 1112
2647 1113
2651 1114
2469 1115
2471 1116
2329 1117
1645 1118
1646 1119
2654 1120
2655 1121
2782 1122
2662 1123
925 1124
2477 1125
2479 1126
2784 1127
2667 1128
939 1129
942 1130
943 1131
135 1132
946 1133
947 1134
272 1135
2493 1136
140 1137
146 1138
965 1139
967 1140
969 1141
970 1142
972 1143
2899 1144
2809 1145
979 1146
303 1147
2516 1148
307 1149
1830 1150
992 1151
2907 1152
2908 1153
315 1154
2909 1155
2820 1156
1103 1157
1105 1158
1107 1159
316 1160
434 1161
324 1162
1113 1163
1118 1164
1119 1165
328 1166
1856 1167
1124 1168
333 1169
335 1170
1019 1171
1020 1172
338 1173
2929 1174
1133 1175
450 1176
2937 1177
1141 1178
2939 1179
1290 1180
1881 1181
1997 1182
1884 1183
460 1184
1155 1185
2948 1186
1298 1187
1299 1188
1302 1189
1163 1190
11 1191
1311 1192
1179 1193
605 1194
482 1195
176 1196
1911 1197
217 1198
489 1199
2024 1200
2025 1201
1329 1202
270 1203
617 1204
374 1205
397 1206
2162 1207
2167 1208
2037 1209
2039 1210
625 1211
626 1212
428 1213
435 1214
441 1215
480 1216
2176 1217
1478 1218
1351 1219
1736 1220
1484 1221
630 1222
631 1223
735 1224
492 1225
632 1226
502 1227
633 1228
736 1229
1359 1230
2053 1231
2056 1232
636 1233
615 1234
629 1235
1503 1236
2064 1237
1370 1238
641 1239
1371 1240
644 1241
680 1242
702 1243
1508 1244
5 1245
6 1246
1511 1247
1 1248
154 1249
258 1250
343 1251
491 1252
582 1253
756 1254
645 1255
767 1256
718 1257
778 1258
799 1259
1518 1260
776 1261
1092 1262
1191 1263
1288 1264
2337 1265
1650 1266
2343 1267
2344 1268
2345 1269
1655 1270
2346 1271
779 1272
2161 1273
2348 1274
2350 1275
2354 1276
1660 1277
1662 1278
789 1279
2679 1280
2682 1281
2684 1282
2641 1283
1667 1284
1671 1285
1673 1286
2686 1287
2687 1288
1548 1289
2690 1290
2675 1291
2738 1292
51 1293
1555 1294
53 1295
2697 1296
1556 1297
1558 1298
813 1299
2700 1300
2453 1301
2763 1302
2462 1303
2473 1304
2783 1305
2794 1306
2816 1307
1685 1308
826 1309
58 1310
1695 1311
1696 1312
2719 1313
2945 1314
844 1315
2401 1316
849 1317
184 1318
185 1319
78 1320
2730 1321
79 1322
2732 1323
2984 1324
3005 1325
2536 1326
2537 1327
1708 1328
2538 1329
80 1330
85 1331
2737 1332
864 1333
198 1334
868 1335
201 1336
1721 1337
2834 1338
2144 1339
2505 1340
2799 1341
905 1342
1827 1343
1944 1344
542 1345
1066 1346
1842 1347
327 1348
486 1349
774 1350
775 1351
1694 1352
842 1353
181 1354
200 1355
2848 1356
2965 1357
2976 1358
2989 1359
1815 1360
3007 1361
3008 1362
143 1363
1857 1364
1150 1365
2207 1366
2519 1367
2248 1368
2271 1369
1620 1370
977 1371
457 1372
1344 1373
2223 1374
168 1375
204 1376
1724 1377
2555 1378
875 1379
208 1380
215 1381
2844 1382
2748 1383
1025 1384
1742 1385
1029 1386
218 1387
887 1388
222 1389
890 1390
1031 1391
1749 1392
356 1393
892 1394
357 1395
359 1396
230 1397
897 1398
231 1399
235 1400
237 1401
2858 1402
239 1403
908 1404
247 1405
1036 1406
1767 1407
2954 1408
2955 1409
1038 1410
1039 1411
1040 1412
2959 1413
2960 1414
254 1415
2962 1416
2963 1417
2868 1418
1778 1419
2964 1420
381 1421
2971 1422
2872 1423
1050 1424
1787 1425
385 1426
2977 1427
2981 1428
2982 1429
2983 1430
2878 1431
1916 1432
1918 1433
1790 1434
498 1435
1795 1436
2986 1437
1063 1438
1924 1439
1207 1440
504 1441
1806 1442
2995 1443
1073 1444
3002 1445
3003 1446
1932 1447
1934 1448
1076 1449
520 1450
3006 1451
409 1452
1816 1453
3011 1454
1226 1455
1818 1456
1229 1457
1938 1458
1821 1459
1823 1460
1232 1461
1824 1462
419 1463
3019 1464
1236 1465
531 1466
535 1467
536 1468
537 1469
3027 1470
1950 1471
539 1472
1245 1473
1247 1474
544 1475
3031 1476
3032 1477
3033 1478
1962 1479
1963 1480
648 1481
546 1482
1257 1483
550 1484
1259 1485
3042 1486
1384 1487
1385 1488
1974 1489
655 1490
555 1491
872 1492
882 1493
891 1494
562 1495
2095 1496
1275 1497
975 1498
1005 1499
2105 1500
1041 1501
1989 1502
581 1503
1412 1504
1416 1505
678 1506
1093 1507
1110 1508
2126 1509
2127 1510
686 1511
1277 1512
2253 1513
2255 1514
1570 1515
1433 1516
689 1517
1442 1518
2140 1519
1445 1520
1381 1521
1391 1522
1447 1523
2268 1524
2269 1525
2273 1526
1589 1527
2579 1528
2584 1529
1485 1530
1591 1531
2158 1532
2595 1533
1574 1534
1594 1535
93 1536
1596 1537
1649 1538
1603 1539
2616 1540
2295 1541
108 1542
1616 1543
2621 1544
2448 1545
1619 1546
113 1547
114 1548
2311 1549
2766 1550
1626 1551
2767 1552
2640 1553
2322 1554
2774 1555
1635 1556
2644 1557
2649 1558
1647 1559
2656 1560
259 1561
260 1562
262 1563
930 1564
264 1565
123 1566
124 1567
2664 1568
2665 1569
2669 1570
2670 1571
2673 1572
935 1573
2483 1574
937 1575
129 1576
131 1577
132 1578
134 1579
945 1580
139 1581
141 1582
2798 1583
954 1584
955 1585
283 1586
284 1587
285 1588
145 1589
2890 1590
2891 1591
147 1592
2892 1593
2893 1594
2803 1595
290 1596
292 1597
973 1598
298 1599
2810 1600
300 1601
301 1602
981 1603
1831 1604
1097 1605
426 1606
311 1607
2912 1608
1840 1609
1841 1610
1846 1611
999 1612
1001 1613
2916 1614
1853 1615
1854 1616
1008 1617
1009 1618
440 1619
1011 1620
2923 1621
1859 1622
1860 1623
1127 1624
342 1625
1867 1626
1870 1627
1138 1628
1873 1629
1140 1630
1294 1631
1885 1632
2947 1633
2950 1634
2 1635
467 1636
2011 1637
2012 1638
600 1639
2018 1640
608 1641
1912 1642
1913 1643
206 1644
1333 1645
1334 1646
1336 1647
2165 1648
2169 1649
1342 1650
722 1651
452 1652
458 1653
2179 1654
730 1655
2180 1656
1349 1657
1754 1658
1782 1659
1788 1660
1798 1661
1809 1662
512 1663
521 1664
2184 1665
2187 1666
2189 1667
740 1668
2190 1669
1494 1670
1495 1671
1361 1672
634 1673
1862 1674
589 1675
1906 1676
624 1677
1497 1678
1499 1679
1501 1680
748 1681
751 1682
1505 1683
1506 1684
1369 1685
754 1686
1930 1687
755 1688
2203 1689
2204 1690
2205 1691
761 1692
2208 1693
1513 1694
762 1695
763 1696
1999 1697
2021 1698
2030 1699
719 1700
809 1701
2210 1702
1517 1703
2213 1704
768 1705
769 1706
1523 1707
773 1708
2088 1709
2128 1710
2136 1711
2145 1712
1374 1713
1562 1714
1651 1715
1652 1716
782 1717
29 1718
1532 1719
785 1720
2172 1721
2160 1722
1664 1723
2677 1724
2231 1725
38 1726
1540 1727
2577 1728
2598 1729
2630 1730
2325 1731
1666 1732
2362 1733
1670 1734
2366 1735
1672 1736
1543 1737
1544 1738
2685 1739
1674 1740
1545 1741
802 1742
2693 1743
2368 1744
2695 1745
2369 1746
1676 1747
1677 1748
50 1749
2377 1750
1678 1751
810 1752
2699 1753
55 1754
814 1755
2445 1756
817 1757
2381 1758
1684 1759
1686 1760
2388 1761
164 1762
2706 1763
2708 1764
2709 1765
831 1766
834 1767
167 1768
836 1769
838 1770
173 1771
174 1772
175 1773
68 1774
69 1775
2723 1776
846 1777
848 1778
72 1779
2994 1780
2529 1781
2408 1782
1709 1783
192 1784
1714 1785
194 1786
1716 1787
2733 1788
86 1789
88 1790
2735 1791
2545 1792
197 1793
2549 1794
205 1795
238 1796
2860 1797
387 1798
2775 1799
2666 1800
2671 1801
438 1802
466 1803
49 1804
1472 1805
2551 1806
2552 1807
2553 1808
2554 1809
2556 1810
2558 1811
2559 1812
1729 1813
2560 1814
2561 1815
219 1816
227 1817
2761 1818
1751 1819
1756 1820
1054 1821
1793 1822
1927 1823
1804 1824
515 1825
1222 1826
1224 1827
3026 1828
1252 1829
1253 1830
1967 1831
2085 1832
1276 1833
1402 1834
1403 1835
1404 1836
1406 1837
1413 1838
1414 1839
1415 1840
1417 1841
1419 1842
1420 1843
1421 1844
1422 1845
1423 1846
1425 1847
1427 1848
2151 1849
2155 1850
1604 1851
2292 1852
2296 1853
2298 1854
2299 1855
2300 1856
1627 1857
2768 1858
2465 1859
2466 1860
2470 1861
2330 1862
2331 1863
2332 1864
2474 1865
2476 1866
931 1867
2480 1868
2482 1869
938 1870
944 1871
273 1872
275 1873
276 1874
278 1875
279 1876
280 1877
281 1878
286 1879
294 1880
296 1881
984 1882
1095 1883
1003 1884
2919 1885
1117 1886
331 1887
1128 1888
1151 1889
1152 1890
1157 1891
2946 1892
1300 1893
1301 1894
1304 1895
1167 1896
1175 1897
2022 1898
2026 1899
1330 1900
1337 1901
619 1902
621 1903
731 1904
1979 1905
1990 1906
2007 1907
1653 1908
788 1909
2230 1910
791 1911
792 1912
793 1913
794 1914
795 1915
796 1916
798 1917
2294 1918
2365 1919
1542 1920
801 1921
804 1922
805 1923
1550 1924
808 1925
2374 1926
1552 1927
811 1928
812 1929
816 1930
818 1931
825 1932
1687 1933
840 1934
67 1935
1712 1936
2546 1937
2547 1938
1719 1939
876 1940
2278 1941
2317 1942
2318 1943
2742 1944
2428 1945
1024 1946
886 1947
1753 1948
896 1949
1757 1950
1759 1951
1762 1952
1764 1953
2961 1954
1043 1955
2970 1956
386 1957
389 1958
2875 1959
1917 1960
1194 1961
1061 1962
1065 1963
2992 1964
1210 1965
1211 1966
3001 1967
1078 1968
1080 1969
1937 1970
1084 1971
528 1972
3024 1973
1954 1974
1966 1975
1981 1976
668 1977
1407 1978
1283 1979
675 1980
2115 1981
2130 1982
1573 1983
2133 1984
2135 1985
691 1986
1325 1987
2266 1988
1516 1989
2277 1990
2597 1991
1600 1992
2614 1993
2449 1994
2452 1995
2461 1996
2776 1997
2645 1998
2787 1999
269 2000
2500 2001
2502 2002
149 2003
2802 2004
153 2005
293 2006
971 2007
2811 2008
2813 2009
986 2010
1858 2011
2931 2012
1863 2013
1864 2014
1135 2015
1876 2016
1994 2017
1995 2018
1162 2019
1306 2020
1178 2021
1910 2022
618 2023
2042 2024
445 2025
464 2026
1353 2027
527 2028
1492 2029
1493 2030
2054 2031
1847 2032
2193 2033
1498 2034
2061 2035
757 2036
746 2037
2211 2038
1021 2039
783 2040
1735 2041
2228 2042
2232 2043
2681 2044
2367 2045
1546 2046
2240 2047
2372 2048
2378 2049
1560 2050
2703 2051
2382 2052
2710 2053
2938 2054
2728 2055
2731 2056
854 2057
82 2058
862 2059
866 2060
2423 2061
2501 2062
1028 2063
1228 2064
1894 2065
2034 2066
620 2067
1479 2068
1354 2069
1488 2070
2236 2071
2392 2072
2084 2073
2805 2074
2806 2075
2807 2076
1896 2077
2721 2078
189 2079
3004 2080
2129 2081
2150 2082
1644 2083
2166 2084
2043 2085
1668 2086
2418 2087
1785 2088
1822 2089
1235 2090
1951 2091
2076 2092
1726 2093
2514 2094
2814 2095
1102 2096
487 2097
2119 2098
2724 2099
1680 2100
2386 2101
2437 2102
2900 2103
2921 2104
1032 2105
1537 2106
2997 2107
934 2108
1683 2109
64 2110
367 2111
1770 2112
1077 2113
654 2114
1281 2115
1465 2116
713 2117
451 2118
1996 2119
2047 2120
1960 2121
766 2122
2904 2123
236 2124
3000 2125
3041 2126
1922 2127
2069 2128
1656 2129
2226 2130
2520 2131
860 2132
1331 2133
667 2134
640 2135
421 2136
2425 2137
2550 2138
372 2139
519 2140
3039 2141
705 2142
2591 2143
2910 2144
2913 2145
1318 2146
1319 2147
2078 2148
2290 2149
1171 2150
1320 2151
2181 2152
579 2153
1682 2154
117 2155
1132 2156
720 2157
2434 2158
2564 2159
493 2160
1791 2161
924 2162
1192 2163
2601 2164
112 2165
2328 2166
2511 2167
2170 2168
639 2169
2245 2170
1725 2171
874 2172
879 2173
881 2174
1026 2175
1027 2176
918 2177
2864 2178
1919 2179
2996 2180
1223 2181
3012 2182
3028 2183
2083 2184
1284 2185
1569 2186
2148 2187
2458 2188
948 2189
1849 2190
1006 2191
1317 2192
2027 2193
2168 2194
741 2195
747 2196
13 2197
15 2198
2375 2199
77 2200
853 2201
856 2202
859 2203
1972 2204
2446 2205
2009 2206
479 2207
2235 2208
2896 2209
2286 2210
361 2211
1980 2212
1440 2213
2447 2214
2791 2215
142 2216
603 2217
2031 2218
1710 2219
1739 2220
1740 2221
2379 2222
1338 2223
895 2224
1121 2225
889 2226
953 2227
2279 2228
442 2229
157 2230
616 2231
786 2232
2593 2233
2257 2234
2364 2235
1935 2236
2052 2237
2843 2238
1763 2239
1037 2240
2866 2241
391 2242
1074 2243
656 2244
565 2245
1083 2246
674 2247
1148 2248
1444 2249
2575 2250
2586 2251
2618 2252
1609 2253
2303 2254
2625 2255
2468 2256
133 2257
309 2258
1108 2259
1111 2260
1868 2261
453 2262
471 2263
136 2264
610 2265
4 2266
820 2267
2351 2268
2663 2269
2691 2270
2347 2271
2414 2272
2725 2273
3034 2274
858 2275
212 2276
2853 2277
248 2278
508 2279
1939 2280
530 2281
2082 2282
2098 2283
1287 2284
1159 2285
2590 2286
1563 2287
1639 2288
2308 2289
2463 2290
927 2291
2481 2292
2786 2293
2487 2294
2494 2295
2495 2296
966 2297
2507 2298
1832 2299
2917 2300
1852 2301
1861 2302
2941 2303
32 2304
65 2305
1172 2306
1173 2307
1335 2308
344 2309
638 2310
1367 2311
2063 2312
2068 2313
2201 2314
1464 2315
2221 2316
1828 2317
790 2318
37 2319
2680 2320
44 2321
807 2322
54 2323
2771 2324
835 2325
2715 2326
2522 2327
2526 2328
2532 2329
2824 2330
2828 2331
2830 2332
2747 2333
2489 2334
1679 2335
1266 2336
573 2337
2114 2338
1348 2339
1588 2340
1605 2341
990 2342
1012 2343
2000 2344
1312 2345
111 2346
1519 2347
2688 2348
1688 2349
2743 2350
2857 2351
383 2352
1357 2353
2888 2354
2897 2355
2898 2356
978 2357
2815 2358
2930 2359
2933 2360
2940 2361
22 2362
652 2363
2714 2364
1702 2365
1067 2366
663 2367
297 2368
797 2369
2557 2370
2991 2371
3016 2372
2628 2373
742 2374
750 2375
2363 2376
1582 2377
2594 2378
2617 2379
1347 2380
2698 2381
2571 2382
1089 2383
2097 2384
2125 2385
2596 2386
2613 2387
2467 2388
980 2389
310 2390
606 2391
642 2392
695 2393
2238 2394
73 2395
3035 2396
2573 2397
564 2398
2711 2399
1803 2400
1805 2401
3029 2402
2045 2403
964 2404
1286 2405
2636 2406
2781 2407
312 2408
598 2409
2234 2410
2851 2411
569 2412
710 2413
1462 2414
1744 2415
1062 2416
2503 2417
1010 2418
1850 2419
353 2420
915 2421
2999 2422
1090 2423
1237 2424
3030 2425
661 2426
683 2427
2251 2428
2259 2429
1585 2430
2146 2431
2599 2432
1638 2433
2788 2434
282 2435
2895 2436
2016 2437
2164 2438
16 2439
19 2440
1547 2441
2712 2442
2399 2443
2835 2444
2739 2445
2837 2446
2746 2447
348 2448
1745 2449
2852 2450
371 2451
377 2452
506 2453
1928 2454
1807 2455
1220 2456
1233 2457
651 2458
3036 2459
3040 2460
841 2461
912 2462
2094 2463
664 2464
1401 2465
1213 2466
2142 2467
1457 2468
98 2469
101 2470
1622 2471
2648 2472
1642 2473
2780 2474
265 2475
2795 2476
2510 2477
1098 2478
1100 2479
425 2480
314 2481
1845 2482
2928 2483
2936 2484
454 2485
2942 2486
1882 2487
465 2488
1308 2489
597 2490
1177 2491
622 2492
623 2493
405 2494
414 2495
1469 2496
1352 2497
1355 2498
1356 2499
1817 2500
545 2501
738 2502
2192 2503
673 2504
2071 2505
2081 2506
2200 2507
2288 2508
2694 2509
52 2510
2701 2511
2490 2512
2512 2513
2839 2514
2862 2515
2882 2516
2886 2517
2914 2518
847 2519
2974 2520
2531 2521
2533 2522
193 2523
1715 2524
1717 2525
1030 2526
1007 2527
1936 2528
3015 2529
759 2530
2086 2531
1446 2532
1654 2533
2051 2534
1071 2535
1565 2536
745 2537
2424 2538
2450 2539
1738 2540
1250 2541
119 2542
928 2543
1297 2544
2041 2545
2199 2546
1720 2547
360 2548
2237 2549
570 2550
1797 2551
76 2552
2657 2553
2833 2554
2876 2555
2943 2556
1070 2557
1977 2558
1153 2559
911 2560
432 2561
723 2562
2572 2563
2827 2564
1023 2565
2885 2566
370 2567
2990 2568
1802 2569
514 2570
516 2571
1086 2572
1240 2573
1390 2574
1170 2575
2124 2576
1429 2577
1590 2578
1461 2579
1595 2580
1597 2581
1625 2582
2631 2583
2770 2584
2659 2585
2499 2586
2894 2587
982 2588
997 2589
1002 2590
1004 2591
1143 2592
1295 2593
1889 2594
472 2595
2023 2596
2048 2597
743 2598
744 2599
749 2600
753 2601
643 2602
2099 2603
2360 2604
63 2605
2926 2606
2521 2607
2419 2608
288 2609
604 2610
2149 2611
394 2612
2902 2613
9 2614
396 2615
1628 2616
424 2617
1099 2618
2915 2619
612 2620
299 2621
1345 2622
2812 2623
2137 2624
1871 2625
2722 2626
1531 2627
1296 2628
1774 2629
1781 2630
1053 2631
384 2632
1193 2633
534 2634
1273 2635
681 2636
692 2637
1448 2638
2606 2639
2309 2640
2324 2641
2326 2642
186 2643
1473 2644
1364 2645
1669 2646
2498 2647
837 2648
2932 2649
2632 2650
332 2651
2020 2652
828 2653
2873 2654
2403 2655
2406 2656
637 2657
392 2658
672 2659
2817 2660
697 2661
574 2662
688 2663
2010 2664
483 2665
2562 2666
1941 2667
1256 2668
566 2669
1634 2670
1154 2671
2239 2672
803 2673
806 2674
2246 2675
815 2676
1561 2677
2396 2678
2565 2679
2629 2680
1016 2681
1530 2682
137 2683
547 2684
2357 2685
2089 2686
1434 2687
1602 2688
291 2689
1307 2690
921 2691
1786 2692
1926 2693
1984 2694
1564 2695
1174 2696
727 2697
1949 2698
716 2699
758 2700
1432 2701
2583 2702
1022 2703
2313 2704
2241 2705
1792 2706
130 2707
1898 2708
2217 2709
1539 2710
2504 2711
1160 2712
1514 2713
1522 2714
1698 2715
1920 2716
2156 2717
2661 2718
1886 2719
760 2720
3014 2721
302 2722
2544 2723
1430 2724
2050 2725
46 2726
2395 2727
2432 2728
830 2729
2508 2730
2005 2731
2197 2732
657 2733
2224 2734
2525 2735
1282 2736
2612 2737
2410 2738
1819 2739
1435 2740
2274 2741
2289 2742
2293 2743
2441 2744
121 2745
2371 2746
2543 2747
2415 2748
878 2749
2869 2750
375 2751
1983 2752
696 2753
2585 2754
1599 2755
99 2756
1866 2757
857 2758
341 2759
7 2760
2541 2761
366 2762
1254 2763
1386 2764
1270 2765
1424 2766
1617 2767
611 2768
800 2769
358 2770
2861 2771
1820 2772
2451 2773
120 2774
2177 2775
2206 2776
1681 2777
2825 2778
2740 2779
2426 2780
2846 2781
1748 2782
1779 2783
380 2784
399 2785
548 2786
561 2787
2096 2788
660 2789
2252 2790
2254 2791
2258 2792
703 2793
1541 2794
1601 2795
1693 2796
100 2797
2622 2798
2623 2799
2765 2800
2327 2801
126 2802
2672 2803
2790 2804
952 2805
305 2806
313 2807
2821 2808
1839 2809
2918 2810
436 2811
1134 2812
1887 2813
1309 2814
475 2815
127 2816
721 2817
627 2818
1365 2819
1500 2820
2062 2821
1520 2822
2182 2823
2353 2824
2356 2825
2276 2826
45 2827
62 2828
2402 2829
2935 2830
416 2831
662 2832
693 2833
1630 2834
2826 2835
1776 2836
2101 2837
340 2838
2352 2839
388 2840
1234 2841
1392 2842
2492 2843
1149 2844
461 2845
2383 2846
172 2847
427 2848
2569 2849
523 2850
277 2851
2075 2852
1405 2853
2154 2854
2376 2855
2454 2856
698 2857
2797 2858
576 2859
1033 2860
373 2861
1056 2862
1931 2863
3013 2864
522 2865
418 2866
3018 2867
996 2868
2118 2869
2589 2870
2592 2871
1718 2872
2440 2873
2660 2874
2804 2875
1838 2876
2818 2877
2001 2878
2008 2879
2014 2880
1504 2881
752 2882
2373 2883
2404 2884
2405 2885
2073 2886
2112 2887
2576 2888
2472 2889
287 2890
2183 2891
2542 2892
1114 2893
1203 2894
2856 2895
2518 2896
95 2897
1636 2898
1268 2899
1212 2900
726 2901
1322 2902
3020 2903
2307 2904
609 2905
1438 2906
1865 2907
2049 2908
2006 2909
2218 2910
2225 2911
1400 2912
2736 2913
2863 2914
97 2915
2922 2916
1136 2917
2058 2918
1515 2919
709 2920
2157 2921
1145 2922
1993 2923
1978 2924
1933 2925
684 2926
1577 2927
2291 2928
2478 2929
267 2930
2509 2931
2901 2932
1835 2933
2029 2934
2060 2935
1915 2936
1524 2937
1772 2938
1015 2939
2906 2940
2729 2941
2778 2942
2744 2943
2563 2944
2944 2945
1855 2946
1368 2947
2870 2948
2412 2949
2413 2950
2785 2951
2281 2952
2443 2953
2019 2954
1474 2955
556 2956
1538 2957
1780 2958
1455 2959
1454 2960
1014 2961
2065 2962
1940 2963
1521 2964
2370 2965
1747 2966
1576 2967
2220 2968
165 2969
2836 2970
495 2971
983 2972
563 2973
659 2974
543 2975
1618 2976
3023 2977
2416 2978
2417 2979
2072 2980
1087 2981
1323 2982
2528 2983
2650 2984
1060 2985
2349 2986
2285 2987
501 2988
415 2989
3037 2990
2602 2991
2229 2992
1274 2993
1551 2994
2642 2995
490 2996
2411 2997
2139 2998
1775 2999
2102 3000
2103 3001
2131 3002
1584 3003
429 3004
365 3005
1079 3006
2002 3007
1241 3008
1507 3009
1129 3010
2435 3011
413 3012
1707 3013
1480 3014
665 3015
1509 3016
1188 3017
2832 3018
1706 3019
2741 3020
403 3021
2301 3022
1340 3023
2539 3024
2104 3025
1510 3026
2044 3027
2074 3028
2017 3029
1658 3030
362 3031
1436 3032
274 3033
1289 3034
3 3035
2305 3036
1614 3037
2634 3038
2633 3039
2841 3040
551 3041
1443 3042
